INDEX 1111111115.

L
1511, 1111 11, 16119. 49611717. -1

1111111111 pugna 1. 711111111-

gio 667
11111 rumpi 1111111111, 111111·-

11111 514

1111111111 1111115111111 117114

1111111111 415. 468. 1111111111

m

559511. 5411111. 5411111. 551.
59489· ew· 606· 6161 6141
616. 641. 646. 618. 659. 684.
690· H, 2· 5· ¹;5· 1541 1551
177.’179. 186 nq- 181. 188.
197. 198. 1151111171ι 115. 11765.
1121111114 161.. 2170.. 1111111.
1151111. 1741111. 178177111.
178. 411. «161. 449

11 cornicum 468. maiorum 11 intestinum insectorum 161 tq·

minorum 11111111 418
Indi 1111111111τωὶ1 11, 475117.

1111111111 711171111111111 011111-
11 integi 159. inu-tinorum 111-

1111111 11111101 1111117 eius 1111 ⁰²¹²· 11164·
uflmfimcmm 11‚474 11110 de 1111111 1111111111111-

suffitu 5&rimis 91111171111
, 11 11

ticum 1118111111 10111111αηί110-
1191111111 error 619

Iubae quadrupedum 10101 115

519

117111111111, 1111811101111171111 Man· dmm„ 1202„ ‚ „d ,7.

1. 111171βαί111, 666 .

inm 11101111 11117111 66

Iunctum. 1 9101111111117111111 1771911101 98117. ‚

et 11171111646117. iumen 11-
111111111 11, 1 111717. 1111111-
111117111111111, 6661 . vox
671117. 711111111011, 185
117. 1111111111 671117. 676117·
Inserta 1011111111 1.1. 6. 41111.
8. 10. 11. 40. 45. 516667.
771111. 86. 91. 92. 35. 91. 99.
101. 104. 109. 11 bis· 114.
115. 116. 119. 161164165.
141146147. 155. 166. 166

Β..

¹4⁰9 1200 1710111111 111111111111111111

508. qualenam 71οώ1111111
11111 11, 65619. quorumnam
1111118111 11110 viiio? 167.

inutile ibid. hircinum 168.

111111 excretio 11, 66111717, ι..
71111 11111111 1111111 retentio
171

117. 1681111114· ¹7⁴· ¹7⁶· ι78· Luceriae circumplexu 11111111

187. 195. 198 sq· 117109.
110. 114511. 118. 1191141111.
117511. 160111. 1661111. 164
117. 1651661111. 167. 141. 145.
147. 151111 117. 161111. 154.
156160. 1641111. 1119170111.
171. 174. 1751111. ²77 1111. 181.
187. 190111. 197. 198. 501
bit. 601. 509. 616511. 511.
616. 660. 561. 666. 6411111.
644111. 6511111. 555. 656. 558.
5591111. 564. 567. 668. 576.
5771 58411181 58111 589· 5901
5911 592· 395· 595Β1Ιι 414·
419. 411. 414. 416. 467. 458.

nouere 168. inermum 111-
91011 genu· Aristoteli inno·
1111111 vr· 11. vox 1. serpen.
111110117111111 148

lacunae 5. 74. 91. 15819. 167.

4851 n, 147· 182· 19412581
160 166 169 170 176
1781616117. 615 sq. 480. 516.
111011111111 1171911111 8. 46
1111. 4819. 60. 81. 89117. 160.
151. 196. 561. 566. 547. 568.
576. 647. ΙΙ,1 .189 ,500
111661

mmwmffimfflfflffl&
460. 461. 471. 476. 491. 491. zara. mrim 11 1171111111 178

&mmmmm

111·

 

