INDEX AVCTORVM,

,1111111 1111 m 11111111111111 vm.
1111111111 (11111111111111111111711)
111. 11111111111 (171.) vnn 1111111111

14) ’1

Μί-

Pagina· 1111111911 tomi Adnotatiomm 1111111νί8111 numeris
distinguam„ 151· 11111111 alter 11111111, adiuncto 1111111.
11 II,· quo deficiendo, 11117111 111. indicari
7111111111 est.

A.

Adamantii 1117111711. 11, 587

em.
Aeliam 111111. 71.ΧῙ.111117. 11.
14111. 1471111. 15511. 156
11711. 15711. 14511. 1471111.
15111. 15511. 17111. 19111.
514’115711”1114674114ὠεῖ1
11. 5861111. 59111. 41111. 414
11. 41511. 41411. 41611. 459
11. 44111. 447111111. 4481111.
45111. 45511. 46411. 471

5911. 4111711. 41. 44.51 11117.
ffiwffiwffimhffiw
581111. 61191111. 641 .11. 66
11. 6711. 7111711. 7411. 76
em. 7711771111. seem. 91793.
em. 9111. 9911. 11111. 1

5110115. 131.ὶέζὲ
151 19171111. 15611. 15811711.
15911711. 14811. 15111. 157
1171111. 15811. 16711. 169
11711. 17111. 17111711. 175117.
1111. 17911. 18611711. 11111.
11111. 11511. 1181111. 114

α. 47611. 496 tq. 11. 505 α· 11711. 11811. 1191111 1511111.
51111. 56911711. 5711111. 571 15611. 14111. 14111. 14511.
1157411. 61711. 61511. 616 5751911. 41711. 44111711.

11. 61111. 61711. 11711. 619

4641111. 5551111.

11711111. 6551171171. 66911. 11119111191411171.15111711.
67911. 6911111. 11511711. 1491171111. 51111. ,
6111111. 1111. 1111. 151111 Α111111555117.1111. 64111. 656.
11. 1611711. 5111511154111. 11, 85191111. 4111111.

*) 1111 in commeantium 11111111 11111111 ⁰. F· Α. Iidem. 1111111 doctu
¹ 11 industrius, cui 1111111 111 cimai· 1111111ορ111 1 eum 11111 &buu

 

